1	1	1436	#339966	1
1	1437	1462	RoyalBlue	1
1	1463	1489	deepskyblue	1
1	1490	2645	RoyalBlue	1
1	2646	3112	#339966	1
1	3113	3118	#FFCC00	1
1	3119	3370	#339966	1
1	3371	4100	RoyalBlue	1
2	1	621	#99CC00	1
2	622	1014	red	1
2	1015	1123	#FFCC00	1
2	1124	1195	red	1
2	1196	1210	deepskyblue	1
2	1211	1236	red	1
2	1237	1268	deepskyblue	1
2	1269	1457	#99CC00	1
2	1458	1915	red	1
2	1916	2830	deepskyblue	1
2	2831	2888	#99CC00	1
2	2889	2986	fuchsia	1
3	1	768	fuchsia	1
3	769	2458	#339966	1
3	2459	2556	fuchsia	1
3	2557	2890	#99CC00	1
3	2891	3088	#339966	1
4	1	24	deepskyblue	1
4	25	703	fuchsia	1
4	704	1210	deepskyblue	1
4	1211	2546	fuchsia	1
4	2547	3942	#99CC00	1
5	1	1661	red	1
5	1662	1786	deepskyblue	1
5	1787	2561	red	1
5	2562	2581	deepskyblue	1
5	2582	2778	red	1
5	2779	2926	#339966	1
5	2927	2959	red	1
5	2960	3436	#339966	1
5	3437	3499	red	1
5	3500	3755	#339966	1
5	3756	3763	#FFCC00	1
5	3764	4727	#339966	1
5	4728	4923	red	1
5	4924	5347	#339966	1
6	1	478	fuchsia	1
6	479	505	deepskyblue	1
6	506	728	fuchsia	1
6	729	2311	#FFCC00	1
7	1	51	#FFCC00	1
7	52	1213	RoyalBlue	1
7	1214	2177	#99CC00	1
8	1	1502	#339966	1
8	1503	2037	#FFCC00	1
8	2038	2296	deepskyblue	1
8	2297	2303	#FFCC00	1
8	2304	2727	deepskyblue	1
8	2728	2780	fuchsia	1

