1	1	48	deepskyblue	1
1	49	566	fuchsia	1
1	567	576	#FFCC00	1
1	577	633	fuchsia	1
1	634	689	deepskyblue	1
1	690	733	#99CC00	1
1	734	1086	deepskyblue	1
1	1087	3098	fuchsia	1
1	3099	4895	#99CC00	1
1	4896	5304	#FFCC00	1
1	5305	5572	deepskyblue	1
1	5573	5851	#FFCC00	1
1	5852	6113	deepskyblue	1
1	6114	6142	red	1
1	6143	6442	deepskyblue	1
1	6443	7621	#FFCC00	1
2	1	932	#339966	1
2	933	1859	RoyalBlue	1
2	1860	2411	#339966	1
2	2412	2972	RoyalBlue	1
3	1	191	fuchsia	1
3	192	308	#99CC00	1
3	309	1530	deepskyblue	1
3	1531	2301	red	1
3	2302	2661	#99CC00	1
3	2662	2711	red	1
3	2712	2718	deepskyblue	1
3	2719	2812	red	1
3	2813	3029	#FFCC00	1
3	3030	3559	red	1
3	3560	4751	#99CC00	1
4	1	1726	red	1
4	1727	1748	deepskyblue	1
4	1749	3119	red	1
4	3120	3517	#339966	1
4	3518	4180	#FFCC00	1
5	1	733	RoyalBlue	1
5	734	905	#FFCC00	1
5	906	1545	RoyalBlue	1
5	1546	1556	#FFCC00	1
5	1557	2097	RoyalBlue	1
5	2098	3481	#99CC00	1
6	1	281	#339966	1
6	282	437	red	1
6	438	1441	#339966	1
6	1442	1466	red	1
6	1467	1749	#339966	1
6	1750	2650	#FFCC00	1
6	2651	2698	red	1
6	2699	3224	#FFCC00	1
6	3225	4044	#339966	1
6	4045	4799	fuchsia	1
7	1	2412	#339966	1
7	2413	3065	#FFCC00	1
7	3066	3866	deepskyblue	1
7	3867	3934	fuchsia	1
8	1	478	fuchsia	1
8	479	505	deepskyblue	1
8	506	728	fuchsia	1
8	729	2311	#FFCC00	1
