1	1	300000	141863
1	300001	600000	157148
1	600001	900000	172259
1	900001	1200000	78074
1	1200001	1500000	15237
1	1500001	1800000	6898
1	1800001	2100000	18432
1	2100001	2400000	5895
1	2400001	2700000	6265
1	2700001	3000000	14249
1	3000001	3300000	3807
1	3300001	3600000	11822
1	3600001	3900000	12664
1	3900001	4200000	15679
1	4200001	4500000	29774
1	4500001	4800000	10707
1	4800001	5100000	12913
1	5100001	5400000	7752
1	5400001	5700000	6341
1	5700001	6000000	19329
1	6000001	6300000	38638
1	6300001	6600000	50367
1	6600001	6900000	16440
1	6900001	7200000	20011
1	7200001	7500000	5232
1	7500001	7800000	4894
1	7800001	8100000	13569
1	8100001	8400000	6482
1	8400001	8700000	63791
1	8700001	9000000	8054
1	9000001	9300000	24976
1	9300001	9600000	16955
1	9600001	9900000	22466
1	9900001	10200000	16914
1	10200001	10500000	15790
1	10500001	10800000	13259
1	10800001	11100000	32864
1	11100001	11400000	25177
1	11400001	11700000	29140
1	11700001	12000000	45297
1	12000001	12300000	17539
1	12300001	12600000	22094
1	12600001	12900000	25027
1	12900001	13200000	22254
1	13200001	13500000	53497
1	13500001	13800000	58248
1	13800001	14100000	12778
1	14100001	14400000	47134
1	14400001	14700000	45469
1	14700001	15000000	58567
1	15000001	15300000	32602
1	15300001	15600000	40836
1	15600001	15900000	3440
1	15900001	16200000	13966
1	16200001	16500000	6625
1	16500001	16800000	60651
1	16800001	17100000	16229
1	17100001	17400000	25511
1	17400001	17700000	21833
1	17700001	18000000	21574
1	18000001	18300000	37729
1	18300001	18600000	61097
1	18600001	18900000	75142
1	18900001	19200000	117213
1	19200001	19500000	72654
1	19500001	19800000	91307
1	19800001	20100000	203580
1	20100001	20400000	153407
1	20400001	20700000	119399
1	20700001	21000000	108677
1	21000001	21300000	14555
1	21300001	21600000	54081
1	21600001	21900000	31461
1	21900001	22200000	33446
1	22200001	22500000	13281
1	22500001	22800000	36165
1	22800001	23100000	11031
1	23100001	23400000	23085
1	23400001	23700000	22220
1	23700001	24000000	23301
1	24000001	24300000	20891
1	24300001	24600000	2348
1	24600001	24900000	7092
1	24900001	25200000	31122
1	25200001	25500000	14305
1	25500001	25800000	3823
1	25800001	26100000	13289
1	26100001	26400000	5924
1	26400001	26700000	5736
1	26700001	27000000	8962
1	27000001	27300000	5700
1	27300001	27600000	17169
1	27600001	27900000	8037
1	27900001	28200000	5740
1	28200001	28500000	9923
1	28500001	28800000	10260
1	28800001	29100000	9723
1	29100001	29400000	18754
1	29400001	29700000	5557
1	29700001	30000000	2669
1	30000001	30300000	7788
1	30300001	30600000	8802
1	30600001	30900000	40086
1	30900001	31200000	35200
1	31200001	31500000	10497
1	31500001	31800000	6480
1	31800001	32100000	39818
1	32100001	32400000	3906
1	32400001	32700000	18486
1	32700001	33000000	8865
1	33000001	33300000	15047
1	33300001	33600000	11968
1	33600001	33900000	9038
1	33900001	34200000	31598
1	34200001	34500000	4829
1	34500001	34800000	8495
1	34800001	35100000	72366
1	35100001	35400000	28221
1	35400001	35700000	3934
1	35700001	36000000	10056
1	36000001	36300000	6513
1	36300001	36600000	2500
1	36600001	36900000	33009
1	36900001	37200000	6038
1	37200001	37500000	23672
1	37500001	37800000	4993
1	37800001	38100000	4575
1	38100001	38400000	5085
1	38400001	38700000	6488
1	38700001	39000000	7186
1	39000001	39300000	75838
1	39300001	39600000	29730
1	39600001	39900000	19137
1	39900001	40200000	46864
1	40200001	40244650	2329
2	1	300000	95510
2	300001	600000	138624
2	600001	900000	135981
2	900001	1200000	79545
2	1200001	1500000	24926
2	1500001	1800000	18347
2	1800001	2100000	21109
2	2100001	2400000	23445
2	2400001	2700000	58550
2	2700001	3000000	53241
2	3000001	3300000	19902
2	3300001	3600000	51785
2	3600001	3900000	22647
2	3900001	4200000	25995
2	4200001	4500000	47935
2	4500001	4800000	86737
2	4800001	5100000	41463
2	5100001	5400000	38187
2	5400001	5700000	50293
2	5700001	6000000	25980
2	6000001	6300000	77255
2	6300001	6600000	56754
2	6600001	6900000	53324
2	6900001	7200000	63852
2	7200001	7500000	117547
2	7500001	7800000	101190
2	7800001	8100000	99533
2	8100001	8400000	86838
2	8400001	8700000	64815
2	8700001	9000000	56917
2	9000001	9300000	66311
2	9300001	9600000	40909
2	9600001	9900000	173456
2	9900001	10200000	30953
2	10200001	10500000	56649
2	10500001	10800000	34904
2	10800001	11100000	35149
2	11100001	11400000	27470
2	11400001	11700000	25338
2	11700001	12000000	46819
2	12000001	12300000	31793
2	12300001	12600000	15598
2	12600001	12900000	60368
2	12900001	13200000	22440
2	13200001	13500000	9430
2	13500001	13800000	33902
2	13800001	14100000	89304
2	14100001	14400000	12933
2	14400001	14700000	10814
2	14700001	15000000	62887
2	15000001	15300000	12005
2	15300001	15600000	8531
2	15600001	15900000	12002
2	15900001	16200000	56673
2	16200001	16500000	3107
2	16500001	16800000	51806
2	16800001	17100000	37582
2	17100001	17400000	10547
2	17400001	17700000	5079
2	17700001	18000000	2918
2	18000001	18300000	8303
2	18300001	18600000	8545
2	18600001	18900000	22603
2	18900001	19200000	29562
2	19200001	19500000	2205
2	19500001	19800000	5217
2	19800001	20100000	2486
2	20100001	20400000	12201
2	20400001	20700000	1866
2	20700001	21000000	7770
2	21000001	21300000	4203
2	21300001	21600000	16362
2	21600001	21900000	8701
2	21900001	22200000	5307
2	22200001	22500000	15007
2	22500001	22800000	6040
2	22800001	23100000	2157
2	23100001	23400000	5571
2	23400001	23700000	2787
2	23700001	24000000	1216
2	24000001	24300000	3426
2	24300001	24600000	5647
2	24600001	24900000	4065
2	24900001	25200000	6611
2	25200001	25222312	1250
3	1	300000	147485
3	300001	600000	185544
3	600001	900000	163550
3	900001	1200000	62225
3	1200001	1500000	6064
3	1500001	1800000	6797
3	1800001	2100000	3739
3	2100001	2400000	4499
3	2400001	2700000	22865
3	2700001	3000000	14258
3	3000001	3300000	6215
3	3300001	3600000	15633
3	3600001	3900000	6497
3	3900001	4200000	15147
3	4200001	4500000	24215
3	4500001	4800000	41494
3	4800001	5100000	22077
3	5100001	5400000	16436
3	5400001	5700000	4525
3	5700001	6000000	7942
3	6000001	6300000	65923
3	6300001	6600000	3138
3	6600001	6900000	17179
3	6900001	7200000	13979
3	7200001	7500000	51627
3	7500001	7800000	11044
3	7800001	8100000	22672
3	8100001	8400000	16992
3	8400001	8700000	22183
3	8700001	9000000	27801
3	9000001	9300000	65771
3	9300001	9600000	51204
3	9600001	9900000	29562
3	9900001	10200000	47683
3	10200001	10500000	29605
3	10500001	10800000	24802
3	10800001	11100000	44635
3	11100001	11400000	49013
3	11400001	11700000	101724
3	11700001	12000000	126831
3	12000001	12300000	38842
3	12300001	12600000	69810
3	12600001	12900000	117545
3	12900001	13200000	145832
3	13200001	13500000	134901
3	13500001	13800000	156474
3	13800001	14100000	119998
3	14100001	14400000	71261
3	14400001	14700000	78715
3	14700001	15000000	60145
3	15000001	15300000	119858
3	15300001	15600000	60012
3	15600001	15900000	22085
3	15900001	16200000	30116
3	16200001	16500000	31608
3	16500001	16800000	41922
3	16800001	17100000	27229
3	17100001	17400000	30148
3	17400001	17700000	28537
3	17700001	18000000	49167
3	18000001	18300000	14815
3	18300001	18600000	24915
3	18600001	18900000	59952
3	18900001	19200000	17242
3	19200001	19500000	9243
3	19500001	19800000	31106
3	19800001	20100000	7140
3	20100001	20400000	14122
3	20400001	20700000	9195
3	20700001	21000000	25977
3	21000001	21300000	5938
3	21300001	21600000	31411
3	21600001	21900000	6574
3	21900001	22200000	8332
3	22200001	22500000	10000
3	22500001	22800000	7702
3	22800001	23100000	46754
3	23100001	23400000	23949
3	23400001	23700000	8158
3	23700001	24000000	11900
3	24000001	24300000	6784
3	24300001	24581089	18288
4	1	300000	164994
4	300001	600000	144815
4	600001	900000	188060
4	900001	1200000	87847
4	1200001	1500000	24178
4	1500001	1800000	5205
4	1800001	2100000	2676
4	2100001	2400000	20392
4	2400001	2700000	3606
4	2700001	3000000	9502
4	3000001	3300000	22179
4	3300001	3600000	78704
4	3600001	3900000	8203
4	3900001	4200000	5921
4	4200001	4500000	2411
4	4500001	4800000	3570
4	4800001	5100000	52684
4	5100001	5400000	40080
4	5400001	5700000	53250
4	5700001	6000000	41350
4	6000001	6300000	13623
4	6300001	6600000	5480
4	6600001	6900000	14497
4	6900001	7200000	30524
4	7200001	7500000	78031
4	7500001	7800000	81969
4	7800001	8100000	25396
4	8100001	8400000	6961
4	8400001	8700000	37842
4	8700001	9000000	53637
4	9000001	9300000	31455
4	9300001	9600000	7315
4	9600001	9900000	3176
4	9900001	10200000	67986
4	10200001	10500000	62979
4	10500001	10800000	23356
4	10800001	11100000	51114
4	11100001	11400000	52215
4	11400001	11700000	31806
4	11700001	12000000	7223
4	12000001	12300000	5773
4	12300001	12600000	3182
4	12600001	12900000	28313
4	12900001	13200000	38088
4	13200001	13500000	79032
4	13500001	13800000	8245
4	13800001	14100000	28028
4	14100001	14400000	5105
4	14400001	14700000	21587
4	14700001	15000000	17504
4	15000001	15300000	43179
4	15300001	15600000	53935
4	15600001	15900000	63921
4	15900001	16200000	108510
4	16200001	16500000	52629
4	16500001	16800000	48173
4	16800001	17100000	37169
4	17100001	17400000	63325
4	17400001	17700000	54870
4	17700001	18000000	58480
4	18000001	18300000	50344
4	18300001	18600000	82204
4	18600001	18900000	97282
4	18900001	19200000	57469
4	19200001	19500000	32860
4	19500001	19800000	51869
4	19800001	20100000	56650
4	20100001	20400000	87566
4	20400001	20700000	84400
4	20700001	21000000	68920
4	21000001	21300000	41817
4	21300001	21600000	137675
4	21600001	21900000	45131
4	21900001	22200000	68526
4	22200001	22500000	14443
4	22500001	22800000	174724
4	22800001	23100000	72887
4	23100001	23400000	62763
4	23400001	23700000	52851
4	23700001	24000000	109247
4	24000001	24300000	43413
4	24300001	24600000	49518
4	24600001	24900000	52597
4	24900001	25200000	43055
4	25200001	25500000	78398
4	25500001	25800000	98722
4	25800001	26100000	65086
4	26100001	26400000	96875
4	26400001	26700000	100124
4	26700001	26859176	110401
5	1	300000	47461
5	300001	600000	80129
5	600001	900000	100198
5	900001	1200000	73595
5	1200001	1500000	14967
5	1500001	1800000	21111
5	1800001	2100000	31773
5	2100001	2400000	19593
5	2400001	2700000	14257
5	2700001	3000000	9406
5	3000001	3300000	9372
5	3300001	3600000	7769
5	3600001	3900000	4268
5	3900001	4200000	5182
5	4200001	4500000	4867
5	4500001	4800000	26203
5	4800001	5100000	15445
5	5100001	5400000	14314
5	5400001	5700000	12651
5	5700001	6000000	12288
5	6000001	6300000	37148
5	6300001	6600000	29634
5	6600001	6900000	15604
5	6900001	7200000	6311
5	7200001	7500000	5325
5	7500001	7800000	22805
5	7800001	8100000	45332
5	8100001	8400000	97986
5	8400001	8700000	262550
5	8700001	9000000	183579
5	9000001	9300000	82575
5	9300001	9600000	41506
5	9600001	9900000	22714
5	9900001	10200000	11356
5	10200001	10500000	7032
5	10500001	10800000	36405
5	10800001	11100000	17270
5	11100001	11400000	9256
5	11400001	11700000	16333
5	11700001	12000000	11694
5	12000001	12300000	2936
5	12300001	12600000	18431
5	12600001	12900000	2603
5	12900001	13200000	9523
5	13200001	13500000	14781
5	13500001	13800000	5654
5	13800001	14100000	23317
5	14100001	14400000	4108
5	14400001	14700000	5468
5	14700001	15000000	4796
5	15000001	15300000	5311
5	15300001	15600000	2910
5	15600001	15769568	14677
6	1	300000	130618
6	300001	600000	160615
6	600001	900000	160223
6	900001	1200000	60176
6	1200001	1500000	4078
6	1500001	1800000	36704
6	1800001	2100000	8489
6	2100001	2400000	8209
6	2400001	2700000	4133
6	2700001	3000000	8260
6	3000001	3300000	55760
6	3300001	3600000	2748
6	3600001	3900000	18914
6	3900001	4200000	21632
6	4200001	4500000	23004
6	4500001	4800000	37601
6	4800001	5100000	25448
6	5100001	5400000	56224
6	5400001	5700000	24160
6	5700001	6000000	18301
6	6000001	6300000	18985
6	6300001	6600000	3236
6	6600001	6900000	7628
6	6900001	7200000	12272
6	7200001	7500000	26959
6	7500001	7800000	7412
6	7800001	8100000	4208
6	8100001	8400000	6727
6	8400001	8700000	13703
6	8700001	9000000	16535
6	9000001	9300000	33671
6	9300001	9600000	29815
6	9600001	9900000	21791
6	9900001	10200000	40180
6	10200001	10500000	7988
6	10500001	10800000	50424
6	10800001	11100000	33750
6	11100001	11400000	21266
6	11400001	11700000	49843
6	11700001	12000000	72675
6	12000001	12300000	32474
6	12300001	12600000	22864
6	12600001	12900000	61110
6	12900001	13200000	139041
6	13200001	13500000	203076
6	13500001	13800000	125106
6	13800001	14100000	109661
6	14100001	14400000	91636
6	14400001	14700000	73159
6	14700001	15000000	90806
6	15000001	15300000	88309
6	15300001	15600000	49213
6	15600001	15900000	47426
6	15900001	16200000	57091
6	16200001	16500000	60042
6	16500001	16800000	48001
6	16800001	17100000	46224
6	17100001	17400000	22874
6	17400001	17700000	18473
6	17700001	18000000	26508
6	18000001	18300000	25369
6	18300001	18600000	48940
6	18600001	18900000	39374
6	18900001	19200000	45774
6	19200001	19500000	28040
6	19500001	19800000	15539
6	19800001	20100000	36299
6	20100001	20400000	10829
6	20400001	20700000	18661
6	20700001	21000000	3897
6	21000001	21300000	14549
6	21300001	21600000	13560
6	21600001	21900000	35002
6	21900001	22200000	5649
6	22200001	22500000	10836
6	22500001	22800000	5638
6	22800001	23100000	54127
6	23100001	23400000	15986
6	23400001	23700000	8488
6	23700001	24000000	8909
6	24000001	24300000	6633
6	24300001	24600000	10191
6	24600001	24900000	6916
6	24900001	25200000	5695
6	25200001	25500000	11917
6	25500001	25800000	22511
6	25800001	26100000	10021
6	26100001	26400000	63643
6	26400001	26700000	42409
6	26700001	27000000	5571
6	27000001	27300000	37688
6	27300001	27546730	9970
7	1	300000	225516
7	300001	600000	141881
7	600001	900000	178150
7	900001	1200000	120764
7	1200001	1500000	63205
7	1500001	1800000	45408
7	1800001	2100000	55745
7	2100001	2400000	22810
7	2400001	2700000	38251
7	2700001	3000000	61553
7	3000001	3300000	42967
7	3300001	3600000	40676
7	3600001	3900000	97346
7	3900001	4200000	122806
7	4200001	4500000	89749
7	4500001	4800000	94300
7	4800001	5100000	114028
7	5100001	5400000	131401
7	5400001	5700000	66076
7	5700001	6000000	60078
7	6000001	6300000	50092
7	6300001	6600000	57596
7	6600001	6900000	73271
7	6900001	7200000	25270
7	7200001	7500000	106750
7	7500001	7800000	33581
7	7800001	8100000	68768
7	8100001	8400000	23454
7	8400001	8700000	18277
7	8700001	9000000	59126
7	9000001	9300000	59402
7	9300001	9600000	60802
7	9600001	9900000	24410
7	9900001	10200000	37835
7	10200001	10500000	34526
7	10500001	10800000	22802
7	10800001	11100000	18701
7	11100001	11400000	8624
7	11400001	11700000	28320
7	11700001	12000000	14042
7	12000001	12300000	10619
7	12300001	12600000	15724
7	12600001	12900000	45815
7	12900001	13200000	23227
7	13200001	13500000	6397
7	13500001	13800000	14731
7	13800001	14100000	17393
7	14100001	14400000	24438
7	14400001	14700000	16705
7	14700001	15000000	7890
7	15000001	15300000	11859
7	15300001	15600000	24578
7	15600001	15900000	13347
7	15900001	16200000	10986
7	16200001	16500000	6916
7	16500001	16800000	3222
7	16800001	17100000	3524
7	17100001	17400000	1266
7	17400001	17700000	2840
7	17700001	18000000	4768
7	18000001	18300000	10943
7	18300001	18600000	4165
7	18600001	18900000	13178
7	18900001	19200000	6172
7	19200001	19500000	4398
7	19500001	19800000	4185
7	19800001	20100000	3329
7	20100001	20400000	28729
7	20400001	20700000	1662
7	20700001	21000000	1063
7	21000001	21300000	3419
7	21300001	21600000	1026
7	21600001	21900000	3529
7	21900001	22200000	2669
7	22200001	22500000	2348
7	22500001	22800000	1646
7	22800001	22925531	10696
8	1	300000	81847
8	300001	600000	84670
8	600001	900000	75327
8	900001	1200000	48484
8	1200001	1500000	4947
8	1500001	1800000	10677
8	1800001	2100000	18212
8	2100001	2400000	6924
8	2400001	2700000	4626
8	2700001	3000000	28810
8	3000001	3300000	4331
8	3300001	3600000	24344
8	3600001	3900000	2410
8	3900001	4200000	2395
8	4200001	4500000	9859
8	4500001	4800000	6082
8	4800001	5100000	21205
8	5100001	5400000	23161
8	5400001	5700000	31223
8	5700001	6000000	14498
8	6000001	6300000	14832
8	6300001	6600000	16968
8	6600001	6900000	22559
8	6900001	7200000	14043
8	7200001	7500000	16167
8	7500001	7800000	119476
8	7800001	8100000	172024
8	8100001	8400000	65581
8	8400001	8700000	79578
8	8700001	9000000	64864
8	9000001	9300000	53931
8	9300001	9600000	29053
8	9600001	9900000	54439
8	9900001	10200000	38431
8	10200001	10500000	12547
8	10500001	10800000	23849
8	10800001	11100000	31393
8	11100001	11400000	27553
8	11400001	11700000	33643
8	11700001	12000000	32056
8	12000001	12300000	6087
8	12300001	12600000	20255
8	12600001	12900000	11555
8	12900001	13200000	23214
8	13200001	13500000	15974
8	13500001	13800000	25660
8	13800001	14100000	43005
8	14100001	14400000	16197
8	14400001	14700000	11789
8	14700001	15000000	27070
8	15000001	15300000	12713
8	15300001	15600000	5483
8	15600001	15900000	4315
8	15900001	16200000	46814
8	16200001	16500000	11653
8	16500001	16800000	13566
8	16800001	17100000	18811
8	17100001	17400000	8077
8	17400001	17700000	15768
8	17700001	18000000	18810
8	18000001	18300000	12261
8	18300001	18435275	6731
